num_goods: 20, num_bidder: 20, num_iterations: 100, repetitions: 10, 
rounded util | frac util
0 | 17.6486
0 | 24.898
19 | 25.3543
0 | 2.79176
8 | 27.0893
11 | 21.0552
20 | 21.6714
4 | 27.0112
18 | 33.4612
0 | 36.5672
17 | 26.8129
0 | 31.5652
9 | 26.3783
0 | 9.03793

0 | 17.6486
35 | 13.5117
0 | 24.898
19 | 25.3543
23 | 11.0472
0 | 2.79176
8 | 27.0893
11 | 21.0552
20 | 21.6714
4 | 27.0112
39 | 25.2211
18 | 33.4612
0 | 36.5672
17 | 26.8129
0 | 31.5652
40 | 17.8455
21 | 16.9933
12 | 8.81514
9 | 26.3783
0 | 9.03793

0 | 13.4248
24 | 26.4487
0 | 27.3146
0 | 23.8656
0 | 10.5287
23 | 23.7869
7 | 30.9788
0 | 28.8044
0 | 26.0402
0 | 14.7873
0 | 10.3192
8 | 28.4512
0 | 31.6472
20 | 37.3007

0 | 13.4248
24 | 26.4487
0 | 27.3146
31 | 26.1765
0 | 23.8656
0 | 10.5287
21 | 16.538
23 | 23.7869
24 | 15.1599
7 | 30.9788
0 | 28.8044
0 | 26.0402
0 | 14.7873
0 | 10.3192
8 | 28.4512
0 | 31.6472
20 | 37.3007
21 | 19.9071
55 | 18.9883
42 | 20.3325

37 | 38.9581
0 | 30.1258
4 | 21.9139
14 | 30.8862
0 | 19.4279
0 | 19.0655
0 | 9.98027
0 | 8.32435
0 | 39.0184
11 | 18.2616
16 | 36.5049
17 | 19.9759
13 | 25.9484
0 | 21.7336
0 | 25.0737
7 | 15.9978

37 | 38.9581
0 | 30.1258
49 | 25.4766
4 | 21.9139
14 | 30.8862
27 | 11.059
0 | 19.4279
0 | 19.0655
0 | 9.98027
0 | 8.32435
31 | 14.7058
0 | 39.0184
11 | 18.2616
16 | 36.5049
52 | 27.3373
17 | 19.9759
13 | 25.9484
0 | 21.7336
0 | 25.0737
7 | 15.9978

12 | 31.4496
0 | 19.6103
12 | 14.7335
4 | 25.2386
19 | 22.9981
22 | 24.9359
0 | 6.93268
14 | 29.7332
0 | 26.0016
15 | 23.0204
14 | 24.9635
0 | 26.1982
0 | 26.4734
3 | 24.0914
0 | 25.6596

12 | 31.4496
0 | 19.6103
32 | 6.23965
12 | 14.7335
4 | 25.2386
19 | 22.9981
22 | 24.9359
0 | 6.93268
14 | 29.7332
16 | 15.6811
0 | 26.0016
15 | 23.0204
14 | 24.9635
0 | 26.1982
30 | 22.0376
28 | 24.1679
0 | 26.4734
56 | 23.2505
3 | 24.0914
0 | 25.6596

20 | 27.987
17 | 18.2002
12 | 28.192
12 | 22.1708
22 | 23.8132
13 | 14.2663
13 | 32.6419
0 | 27.9785
12 | 31.5207
7 | 23.3396
12 | 16.7659
0 | 22.5199
0 | 22.1587
11 | 31.7111

21 | 10.2501
20 | 27.987
17 | 18.2002
21 | 11.5952
12 | 28.192
12 | 22.1708
22 | 23.8132
20 | 15.7421
13 | 14.2663
13 | 32.6419
0 | 27.9785
12 | 31.5207
7 | 23.3396
26 | 16.0325
12 | 16.7659
0 | 22.5199
0 | 22.1587
11 | 31.7111
20 | 18.591
38 | 15.9741

0 | 29.8491
0 | 8.35096
0 | 28.3425
26 | 29.6997
6 | 10.3982
0 | 26.1593
0 | 18.6366
0 | 21.5094
23 | 35.1121
16 | 39.545
0 | 29.597
0 | 31.4471
5 | 22.272
0 | 6.54263

30 | 14.9966
24 | 12.4784
0 | 29.8491
14 | 12.5579
0 | 8.35096
0 | 28.3425
36 | 17.523
15 | 8.24719
26 | 29.6997
6 | 10.3982
0 | 26.1593
0 | 18.6366
0 | 21.5094
23 | 35.1121
16 | 39.545
0 | 29.597
0 | 31.4471
5 | 22.272
45 | 37.7024
0 | 6.54263

0 | 22.3505
14 | 38.4513
21 | 26.6134
10 | 27.5626
16 | 25.953
29 | 29.3567
14 | 16.7585
0 | 31.7758
0 | 16.1247
0 | 13.2739
0 | 7.35628
0 | 10.6016
0 | 4.02237
0 | 12.4053
14 | 40.8698
16 | 24.017
40 | 47.4725

0 | 22.3505
14 | 38.4513
21 | 26.6134
10 | 27.5626
16 | 25.953
29 | 29.3567
14 | 16.7585
0 | 31.7758
0 | 16.1247
0 | 13.2739
0 | 7.35628
26 | 18.1007
0 | 10.6016
0 | 4.02237
0 | 12.4053
14 | 40.8698
16 | 24.017
18 | 14.1966
40 | 47.4725
47 | 16.7442

0 | 34.9051
14 | 22.8803
0 | 30.0215
0 | 26.9446
14 | 29.0118
21 | 23.3116
17 | 37.9737
34 | 34.1706
0 | 32.0131
0 | 14.7525
17 | 29.0484
0 | 24.979

0 | 34.9051
25 | 15.3544
14 | 22.8803
0 | 30.0215
0 | 26.9446
23 | 12.8214
20 | 13.6552
14 | 29.0118
21 | 23.3116
16 | 11.7416
17 | 37.9737
43 | 10.3136
34 | 34.1706
18 | 13.0053
17 | 3.5313
38 | 12.5327
0 | 32.0131
0 | 14.7525
17 | 29.0484
0 | 24.979

0 | 32.8948
0 | 5.38267
18 | 23.4875
11 | 32.4474
0 | 16.7797
0 | 31.4857
0 | 35.8486
32 | 37.9384
13 | 15.5187
0 | 3.02258
29 | 29.3123
10 | 17.1371
0 | 25.5699
10 | 19.92

0 | 32.8948
0 | 5.38267
18 | 23.4875
47 | 30.4221
11 | 32.4474
0 | 16.7797
50 | 21.4634
0 | 31.4857
22 | 11.6844
0 | 35.8486
32 | 37.9384
13 | 15.5187
0 | 3.02258
29 | 16.2826
29 | 29.3123
12 | 4.44738
10 | 17.1371
0 | 25.5699
41 | 26.0605
10 | 19.92

27 | 38.9567
0 | 11.0307
0 | 9.68018
0 | 25.399
17 | 25.2931
10 | 35.649
0 | 24.2685
8 | 29.0897
16 | 21.9999
19 | 22
7 | 36.958
0 | 37.7288
0 | 19.9031
20 | 25.2393

27 | 38.9567
0 | 11.0307
19 | 14.154
0 | 9.68018
0 | 25.399
11 | 9.0056
27 | 17.6188
17 | 25.2931
10 | 35.649
0 | 24.2685
8 | 29.0897
16 | 21.9999
19 | 22
7 | 36.958
0 | 37.7288
13 | 8.84896
0 | 19.9031
20 | 25.2393
59 | 20.4411
19 | 12.0075

